%YAML:1.0

#--------------------------------------------------------------------------------------------
# Camera Parameters. Adjust them!
#--------------------------------------------------------------------------------------------

# Camera calibration and distortion parameters (OpenCV) 
Camera.fx: 474.258371
Camera.fy: 474.258371
Camera.cx: 308.160522
Camera.cy: 187.003899

Camera.k1: 0.0
Camera.k2: 0.0
Camera.p1: 0.0
Camera.p2: 0.0

Camera.width: 640
Camera.height: 360

# Camera frames per second 
Camera.fps: 30.0

# stereo baseline times fx
Camera.bf: 114.850523

# Color order of the images (0: BGR, 1: RGB. It is ignored if images are grayscale)
Camera.RGB: 1

# Close/Far threshold. Baseline times.
ThDepth: 35

#--------------------------------------------------------------------------------------------
# Stereo Rectification. Only if you need to pre-rectify the images.
# Camera.fx, .fy, etc must be the same as in LEFT.P
#--------------------------------------------------------------------------------------------
LEFT.height: 360
LEFT.width: 640
LEFT.D: !!opencv-matrix
  rows: 1
  cols: 5
  dt: d
  data: [0.066783, -0.116458, -0.000365, 0.003463, 0.000000]
LEFT.K: !!opencv-matrix
  rows: 3
  cols: 3
  dt: d
  data: [450.311528, 0.000000, 334.610847, 0.000000, 449.926566, 182.376430, 0.000000, 0.000000, 1.000000]
LEFT.R:  !!opencv-matrix
  rows: 3
  cols: 3
  dt: d
  data: [0.998947, 0.005549, 0.045549, -0.004869, 0.999875, -0.015033, -0.045627, 0.014796, 0.998849]
LEFT.P:  !!opencv-matrix
  rows: 3
  cols: 4
  dt: d  
  data: [474.258371, 0.000000, 308.160522, 0.000000, 0.000000, 474.258371, 187.003899, 0.000000, 0.000000, 0.000000, 1.000000, 0.000000]

RIGHT.height: 360
RIGHT.width: 640
RIGHT.D: !!opencv-matrix
  rows: 1
  cols: 5
  dt: d
  data: [0.088478, -0.152546, 0.002202, -0.001605, 0.000000]
RIGHT.K: !!opencv-matrix
  rows: 3
  cols: 3
  dt: d
  data: [453.213951, 0.000000, 314.264986, 0.000000, 453.983391, 190.247434, 0.000000, 0.000000, 1.000000]
RIGHT.R:  !!opencv-matrix
  rows: 3
  cols: 3
  dt: d
  data: [0.999895, -0.013285, 0.005847, 0.013197, 0.999801, 0.014958, -0.006044, -0.014879, 0.999871]
RIGHT.P:  !!opencv-matrix
  rows: 3
  cols: 4
  dt: d
  data: [474.258371, 0.000000, 308.160522, 114.850523, 0.000000, 474.258371, 187.003899, 0.000000, 0.000000, 0.000000, 1.000000, 0.000000]

#--------------------------------------------------------------------------------------------
# ORB Parameters
#--------------------------------------------------------------------------------------------

# ORB Extractor: Number of features per image
ORBextractor.nFeatures: 1200

# ORB Extractor: Scale factor between levels in the scale pyramid 	
ORBextractor.scaleFactor: 1.2

# ORB Extractor: Number of levels in the scale pyramid	
ORBextractor.nLevels: 8

# ORB Extractor: Fast threshold
# Image is divided in a grid. At each cell FAST are extracted imposing a minimum response.
# Firstly we impose iniThFAST. If no corners are detected we impose a lower value minThFAST
# You can lower these values if your images have low contrast			
ORBextractor.iniThFAST: 20
ORBextractor.minThFAST: 7

#--------------------------------------------------------------------------------------------
# Viewer Parameters
#--------------------------------------------------------------------------------------------
Viewer.KeyFrameSize: 0.05
Viewer.KeyFrameLineWidth: 1
Viewer.GraphLineWidth: 0.9
Viewer.PointSize:2
Viewer.CameraSize: 0.08
Viewer.CameraLineWidth: 3
Viewer.ViewpointX: 0
Viewer.ViewpointY: -0.7
Viewer.ViewpointZ: -1.8
Viewer.ViewpointF: 500

